0036771346
8505895602
0036779441
0036747340
0036771359
0036786967
0036789483
0036789538
0036792086
0036792372
0036791354
0036792038
0036792266
0036791595
0036791272
0036791273
0036787979
0036791492
0036746501
0036781359
0036781361
0036792333
0036792344
0036792434
0036792473
0036793460
0036793463
0036793464
0036793462
0036793461
0036793465
0036793612
0036793617
0036793616
0036793613
0036793624
0036793615
0036793620
0036793614
0036793623
0036793618
0036793747
0036793746
0036793741
0036793748
0036793754
0036793475
0036793902
0036793467
0036793479
0036793481
0036793638
0036793766
0036793627
0036794506
0036793546
0036793642
0036794051
0036792523
0036793469
0036793474
0036793431
0036793639
0036792563
0036793412
0036793477
0036793630
0036793767
0036793634
0036793471
0036793757
0036794053
0036793472
0036794802
0036794807
0036794804
0036794809
0036794810
0036794814
0036794816
0036794815
0036794813
0036794817
0036797390
0036797389
0036794812
0036794811
0036794806
0036794808
0036794805
0036794803
0036794800
1341042188
1440433425
1440433426
0036794821
0036797489
0036797922
0036796008
0036796939
0036794824
0036796941
0036797580
0036794829
0036797403
0036797687
0036797796
0036794825
0036797247
8207278371
0036793724
0036797218
0036781356
0036781357
0036781358
0036781367
0036781381
0036781384
0036794572
0036794573
0036794574
0036794576
0036796716
0036798842
0036793331
0036794581
0036796061
0036794579
0036793386
0036793370
0036793367
0036793355
0036793336
0036799458
0036798513
0036794834
0036800724
0036798514
0036799471
0036799986
0036800669
0036799468
0036792320
0036792321
0036799774
0036799763
0036783463
0036783465
0036783464
0036783469
0036783470
0036800710
0036801709
0036802160
0036802165
0036802164
0036801792
0036801784
0036802244
0036802448
0036802751
0036800408
0036802078
0036802171
0036802589
0036799143
0036802079
0036797569
0036801742
0036799132
0036799287
0036783473
0036753085
0036783474
0036753094
0036779235
0036779234
0036779236
0036804183
0036805964
0036753127
1440433756
0036803077
0036803078
0036803132
0036803131
0036803133
0036803135
0036803134
0036806265
0036806266
0036804211
0036805370
0036802800
0036802148
0036805847
0036806111
0036806662
0036803563
0036803633
0036806606
0036802853
0036803179
0036803180
0036806555
0036803584
0036803632
0036805588
0036806384
0036806449
0036802961
0036803569
0036805589
0036805651
0036803637
0036803640
0036805585
0036806557
0036806232
0036803230
0036794186
0036792693
0036796114
0036796115
0036786531
0036803024
0036803033
0036784958
0036807724
0036807723
0036804944
0036806663
0036806705
0036807467
0036807640
0036808411
0036807169
0036807310
0036807550
0036807552
0036807377
0036808325
0036808457
0036807473
0036807542
0036807809
0036807732
0036807541
0036808206
0036805700
8505896383
0036800914
0036800403
0036800404
0036799145
0036799144
0036799148
0036799147
0036799149
0036799202
0036799195
0036799211
0036799194
0036799219
0036799235
0036799224
0036799229
